### ONSDAG 22.09.21
### Kun 10sek pause mellem kohorter
0 0 0 0 0
0 0 0 0 0
0.10 0.08 0.00 0.02 0.06
0.14 0.18 0.23 0.14 0.25
0.53 0.39 0.35 0.41 0.43
0.72 0.69 0.56 0.55 0.65
0.92 0.81 0.84 0.70 0.89
1.10 1.14 1.07 1.11 1.12
1.29 1.30 1.29 1.20 1.25
1.59 1.56 1.48 1.46 1.44
1.71 1.65 1.78 1.75 1.66
1.87 1.87 2.02 1.88 1.91
2.12 2.03 2.14 2.22 2.02

### TORSDAG 23.09.21
### 60sek pause mellem kohorter
0 0 0 0 0
0 0 0 0 0
0.01 0.00 0.06 0.00 0.06
0.29 0.12 0.10 0.17 0.12
0.32 0.40 0.43 0.36 0.30
0.74 0.60 0.52 0.59 0.61
0.81 0.75 0.71 0.83 0.85
0.96 0.95 1.04 0.89 0.93
1.27 1.17 1.21 1.16 1.29
1.42 1.51 1.35 1.31 1.52
1.79 1.61 1.71 1.54 1.59
1.90 1.79 1.87 1.80 1.95
2.03 2.11 2.14 2.18 2.02

0 0 0 0 0
0 0 0 0 0
0.10 0.03 0.01 0.03 0.07
0.30 0.12 0.10 0.15 0.24
0.59 0.33 0.30 0.44 0.44
0.63 0.47 0.53 0.59 0.62
0.78 0.78 0.77 0.72 0.80
1.16 0.91 0.96 1.07 1.00
1.16 1.13 1.29 1.24 1.29
1.40 1.51 1.46 1.49 1.44
1.72 1.57 1.57 1.58 1.63
1.89 1.74 1.83 1.87 1.90
2.15 2.04 2.11 2.07 2.07

0 0 0 0 0
0 0 0 0 0
0.06 0.04 0.04 0.00 0.03
0.28 0.23 0.17 0.08 0.20
0.40 0.40 0.29 0.39 0.20
0.56 0.67 0.59 0.54 0.63
0.91 0.79 0.88 0.81 0.71
1.13 1.02 1.05 0.95 1.01
1.31 1.23 1.13 1.20 1.12
1.56 1.52 1.38 1.41 1.40
1.79 1.64 1.75 1.63 1.60
1.88 1.83 1.89 1.87 1.92
2.16 2.17 2.09 2.07 2.13

0 0 0 0 0
0 0 0 0 0
0.09 0.02 0.01 0.01 0.02
0.16 0.26 0.14 0.09 0.09
0.40 0.33 0.37 0.48 0.35
0.71 0.56 0.62 0.68 0.51
0.87 0.90 0.81 0.90 0.96
1.04 0.92 1.06 0.90 0.96
1.20 1.18 1.18 1.24 1.23
1.47 1.48 1.35 1.45 1.36
1.61 1.55 1.60 1.62 1.62
1.99 1.92 1.86 1.75 1.84
2.18 2.15 2.12 2.06 2.13
