### Run 1

10  2.8 2.6 2.7 2.6
11  2.6 2.8 3.2 2.8
12  2.7 2.6 2.9 2.7
13  1.8 2.0 1.8 1.7
15  1.8 1.9 1.9 2.2
110 1.9 2.5 2.5 2.5
20  3.4 3.2 3.6 2.9
21  2.3 2.0 3.0 2.0
22  3.2 2.8 3.3 2.7
23  2.2 2.2 2.4 2.2
25  2.0 2.0 1.9 1.8
210 1.1 1.6 1.2 1.1


10  2.5 2.4 2.0 2.0 2.1
11  2.4 2.6 2.1 2.2 2.3
12  2.7 2.5 2.4 2.4 2.1
13  1.9 1.7 1.5 1.2 1.3
15  1.6 1.6 1.4 1.1 1.3
110 2.0 1.5 2.0 1.4 1.2
20  2.8 2.8 2.4 2.2 2.5
21  1.9 2.0 2.0 1.3 1.8
22  2.6 1.7 1.7 1.6 2.3
23  1.3 1.7 1.3 1.2 1.2
25  1.3 1.7 1.3 0.9 1.1
210 0.9 1.0 0.7 0.5 1.1


### Run 3 (Jenny)

10  2.39 2.33 2.70 2.13 2.81
11  2.18 2.42 3.33 2.55 2.70
12  2.44 2.43 2.29 2.27 1.89
13  2.12 2.03 1.85 1.84 1.55
15  1.45 1.76 1.96 1.76 1.85
110 1.28 1.57 1.73 1.21 1.60
20  2.87 2.66 2.75 2.39 2.69
21  2.51 2.38 2.35 1.81 2.05
22  2.50 2.44 2.48 2.21 1.99
23  1.65 1.55 1.63 1.86 1.14
25  1.03 1.51 1.32 1.27 1.29
210 0.62 0.53 0.86 0.88 0.88

### Run 4 (Ingunn)
10  11.4 9.6 10.9
11  15.1 14.1 14.1
12  13.6 12.6 12.9
13  12.0 12.0 12.0
15  11.1 9.7 10.6
110 12.6 12.7 12.7

20  13.0 12.7 12.0
21  13.5 13.3 13.0
22  10.2 11.1 11.2
23  12.1 11.5 11.8
25  13.7 13.2 13.6
210 12.6 10.2 12.3
