### H3-10

10 2.8 3.0 2.7 2.6 2.6
11  2.8 2.7 2.6 2.6 2.5
12  2.5 2.4 2.4 2.4 2.2
13  2.8 2.7 2.6 2.6 2.4
15  1.9 2.1 1.9 1.8 1.6
110  1.2 1.4 1.1 1.0 0.9

20 3.8 3.7 3.1 3.6 3.3
21  2.4 2.5 2.7 2.6 2.8
22  2.5 2.2 2.3 2.3 2.3
23  2.5 2.6 2.3 2.4 2.5
25  1.4 1.3 1.1 1.3 1.5
210  2.0 1.9 1.9 1.8 1.4

### H3-11

### Run 1 (ekskluderet fordi den kun har 4 målinger på kohorte)

### Run 2

10  2.5 2.4 2.0 2.0 2.1
11  2.4 2.6 2.1 2.2 2.3
12  2.7 2.5 2.4 2.4 2.1
13  1.9 1.7 1.5 1.2 1.3
15  1.6 1.6 1.4 1.1 1.3
110 2.0 1.5 2.0 1.4 1.2

20  2.8 2.8 2.4 2.2 2.5
21  1.9 2.0 2.0 1.3 1.8
22  2.6 1.7 1.7 1.6 2.3
23  1.3 1.7 1.3 1.2 1.2
25  1.3 1.7 1.3 0.9 1.1
210 0.9 1.0 0.7 0.5 1.1


### Run 3 (Jenny)

10  2.39 2.33 2.70 2.13 2.81
11  2.18 2.42 3.33 2.55 2.70
12  2.44 2.43 2.29 2.27 1.89
13  2.12 2.03 1.85 1.84 1.55
15  1.45 1.76 1.96 1.76 1.85
110 1.28 1.57 1.73 1.21 1.60

20  2.87 2.66 2.75 2.39 2.69
21  2.51 2.38 2.35 1.81 2.05
22  2.50 2.44 2.48 2.21 1.99
23  1.65 1.55 1.63 1.86 1.14
25  1.03 1.51 1.32 1.27 1.29
210 0.62 0.53 0.86 0.88 0.88



### H3-18

### Run 1

10 3.3 4.0 3.3 3.0 2.9
11 1.7 2.6 1.5 1.6 1.1
12 1.9 2.7 2.2 2.1 1.7
13 1.7 2.4 1.8 2.0 1.5
15 1.4 2.1 1.2 1.2 1.1

20 2.2 2.3 2.3 2.4 2.2
21 1.8 2.8 1.9 2.1 1.6
22 1.8 2.0 1.8 1.9 1.3
23 2.2 2.5 1.8 1.6 1.8
25 0.9 1.2 1.1 1.0 0.9

30 2.2 2.5 2.2 2.4 2.1
31 2.3 2.9 2.2 2.7 1.5
32 2.6 2.7 2.9 2.1 1.8
33 1.4 1.7 1.6 1.5 1.4
35 1.9 2.3 1.6 1.6 1.8


### Run 2
10 2.3 2.7 2.8 2.6 2.6
11 1.3 1.4 1.4 1.6 1.4
12 1.8 1.8 1.9 1.7 1.9
13 1.6 1.5 1.5 1.1 1.4
15 1.2 1.0 1.3 1.2 1.1

20 2.2 2.2 2.6 2.1 2.2
21 1.6 1.4 1.9 1.6 1.9
22 1.5 1.3 1.7 1.3 1.5
23 1.9 1.6 1.8 1.7 2.1
25 0.9 0.8 0.9 0.8 0.8

30 1.9 1.9 2.1 2.1 1.9
31 1.9 1.7 2.6 1.6 1.9
32 2.0 1.7 2.2 1.5 1.5
33 1.4 1.2 1.3 1.2 1.4
35 1.6 1.4 1.9 1.2 1.4


### Run 3 (Jenny)
10 4.02 3.94 3.28 3.60 3.68
11 3.48 3.21 2.83 2.95 3.06
12 3.43 2.43 2.42 2.85 2.88
13 3.05 2.64 2.40 2.65 2.73
15 3.19 2.67 2.79 2.99 3.18

20 3.47 2.59 2.72 3.34 3.09
21 3.78 2.81 2.85 2.97 2.70
22 2.54 2.22 2.24 2.38 2.49
23 3.49 3.07 2.98 3.34 3.05
25 1.86 1.78 1.65 2.08 1.87

30 3.71 2.58 2.83 2.97 3.36
31 2.89 3.27 3.23 3.42 3.99
32 2.33 2.91 2.80 2.68 2.62
33 1.45 1.84 1.65 1.67 2.16
35 2.76 3.57 2.55 4.28 3.85



### H20 data s. 122

### P2 in P1 --> P3

10 3.1 2.5 2.3 3.1 3.0
11 3.9 3.0 2.9 3.1 3.4
12 1.6 1.3 1.1 1.1 1.8
13 2.7 1.9 1.9 1.8 1.8
15 2.4 2.2 2.5 1.8 2.7

20 3.2 3.2 3.2 3.4 3.5
21 3.2 3.2 3.5 3.8 3.4
22 1.7 2.9 1.4 1.7 2.6
23 2.0 1.3 2.3 1.5 1.7
25 2.2 1.1 1.1 1.2 1.5

30 2.5 2.3 2.0 2.1 2.0
31 1.7 0.7 1.4 1.6 2.0
32 1.9 1.3 1.3 2.2 1.5
33 2.2 2.3 2.2 1.8 2.2
35 1.5 0.9 1.3 1.5 1.9


### M1 --> P5

10 3.2 2.6 2.8 2.3 3.7
11 3.6 3.4 3.6 2.7 3.5
12 2.2 1.0 1.2 1.6 1.9
13 2.7 2.1 2.5 1.9 1.8
15 2.0 2.3 2.9 2.0 2.2

20 3.9 2.9 3.0 2.5 3.6
21 4.2 2.9 3.1 2.9 4.1
22 2.2 3.1 1.4 1.6 1.5
23 2.1 1.3 2.0 1.9 1.5
25 2.3 1.3 1.4 1.5 1.8

30 2.8 3.4 2.3 2.4 2.5
31 1.3 0.7 1.5 1.6 1.7
32 1.8 1.5 1.5 2.0 1.6
33 2.4 2.5 2.2 2.3 2.4
35 1.8 1.2 1.0 1.7 1.5


### M2 --> Q1-UR

10 9.3 7.8 8.3 11.4 9.0
11 9.2 9.0 8.7 9.2 9.4
12 3.6 3.5 3.2 4.1 4.7
13 5.1 6.4 5.6 5.0 6.6
15 5.5 4.6 5.3 6.5 5.9

20 8.2 10.6 7.6 8.1 9.2
21 6.9 9.3 8.5 6.8 7.6
22 5.1 10.3 5.7 4.5 6.2
23 5.4 4.9 5.5 5.1 6.3
25 7.6 3.8 2.9 3.1 5.6

30 6.7 6.1 5.8 6.3 8.2
31 5.0 3.5 5.1 4.8 5.5
32 5.8 4.2 4.7 5.9 6.0
33 5.7 5.3 5.2 5.8 7.6
35 3.8 3.4 2.6 4.9 5.8
